Close Price	Volume
16.43	285018133
16.4	132250784
15.5	109326370
15.32	87697801
14.97	73980448
14.64	95179875
14.06	93938256
13.63	124208458
13.93	91725132
13.91	79518986
13.79	31892288
13.65	71664410
13.46	53435796
13.75	54422460
14.45	98802728
13.99	178690379
15.37	114737274
15.55	60819278
15.3	28182932
15.1	50471883
15.3	43568484
15.1	44044759
14.85	29043222
11.8	260773392
12.8	133691667
12.8	41968967
12.75	27998046
12.5	31598328
12.05	34156792
11.95	36982922
12.05	22370789
11.9	21221417
10.95	58784306
11.3	44081035
10.65	43966888
10.8	43595376
10.7	32281879
10.69	77173955
11.4	96007344
11.36	45715479
11.32	69680415
10.97	51664779
10.87	50289495
10.82	42068161
11.16	66847372
10.8	44814350
10.17	64942799
10.69	65290676
10.59	58002139
10.56	35115934
10.66	64424099
11.25	154589818
10.89	82924542
10.72	79486538
9.64	145294333
10.29	72692780
10.32	93013514
10.44	57359668
11.08	106358631
10.33	115731884
9.58	88212553
9.94	63099118
10.29	62731391
10.27	69402022
10.44	81131552
10.22	69794427
10.03	101520682
10.3	57513545
10.27	43213581
10.07	57704312
10.05	51285389
10	64401293
10.17	67676307
10.11	68475648
9.99	55226448
9.85	74456686
9.83	56201482
9.68	112345772
10.1	102243569
10.29	75784464
10.35	92943699
10.81	101155463
10.91	76557966
11.2	97603134
10.86	46951025
10.6	53538193
10.4	43873109
10.12	35830477
9.9	37213293
10.02	26244829
10.02	32710464
9.93	28410080
9.8	42925095
10	41150732
9.64	39631720
9.55	32633949
9.51	22479083
9.32	16161116
9.13	42452508
9.08	26075607
9.09	29655193
8.96	26645418
8.74	30122692
8.65	40827315
8.19	35724492
8.33	43219695
9.44	80770869
9.37	47457218
9.22	38437657
8.92	38710229
9.14	27216110
9.04	41430420
8.99	26733180
8.79	36907147
8.6	54079830
8.93	39205164
9.3	48746442
9.62	87299219
9.36	40085392
9.56	33317819
9.23	35463072
9.29	26650691
9.21	26633091
9.17	34368162
9.22	20676839
9.13	26292158
8.71	36971478
8.8	25496506
8.82	18540147
8.51	36171084
8.21	51841448
7.94	40202926
8.47	30537439
8.53	39767973
8.55	27468785
8.73	31183381
8.87	30622353
8.85	31905338
8.65	31233173
8.43	36184168
8.51	25821941
8.38	19784262
8.28	25815581
8.52	32913545
8.47	19993559
8.43	19651645
8.72	42103188
8.69	29789358
8.76	19882928
8.66	38153009
8.71	25404079
8.88	30790763
8.98	30492483
8.84	27786405
9.03	32046495
8.93	21013382
8.92	15320468
8.83	17719051
8.76	15450705
8.68	31889628
8.77	21258407
9.12	39698003
9.41	46667774
9.11	34638428
8.76	62683906
8.78	23998022
8.63	21328111
8.62	14523819
8.67	22661780
8.71	22600892
8.84	29848468
9	26875532
8.92	24686822
8.79	33138371
8.65	23009662
8.86	40589344
9.21	75361662
9.12	73864247
9.14	29209013
8.89	16693072
9.07	50024576
9.09	42414980
8.97	19463825
9.28	57310152
9.14	25082137
9.77	108096681
9.69	60760170
9.55	44264272
9.63	35756711
9.88	59925287
9.75	42369811
9.64	54559480
9.18	48791742
9.11	38344364
9.16	29702198
9.18	36361277
9.13	35335341
8.97	35570156
9	40851595
9.14	31956471
9.03	35248656
8.47	107451211
8.79	75380846
8.85	51889964
9.03	49455098
9.02	34452581
9.1	45763601
8.87	26635194
8.65	59437335
8.67	24255977
8.59	31523187
8.51	20734771
8.42	49309751
8.46	19402336
8.52	23231811
8.57	28745829
8.72	25944292
8.69	5253952
8.59	59432363
8.62	28806555
8.54	22205014
8.58	17059319
8.64	23331546
8.56	14131856
8.57	22076912
8.41	38171830
8.33	42913660
8.5	37823749
8.66	39924234
8.49	36817465
8.5	55240303
8.44	35592715
8.41	23949446
8.39	19587403
8.34	27863390
8.42	21423991
8.36	24041426
8.24	29635117
8.06	42721647
8.07	36751604
8.08	26729156
8.07	31402650
8.25	38601928
8.17	23610352
8.29	35033959
8.17	28559746
8.07	44567052
8	28389493
8.03	22427720
7.97	86853151
7.93	49898961
7.91	38928402
8.67	217811745
8.4	107323191
8.32	44405808
8.37	98033153
8.25	44078816
8.01	66637987
8.01	122345530
7.68	57530764
7.84	44179494
7.91	29056148
7.96	60198869
7.89	46556573
7.9	117924606
8	79912393
7.96	142659928
7.81	94678336
7.87	319195454
7.79	93915147
7.45	199529324
7.25	61522782
7.46	116997698
7.33	99021484
7.31	327842534
7.22	222550016
7.29	749964922
7.32	115347034
7.42	801207011
7.26	31594336
7.09	39751750
7.08	43511726
6.77	36086356
6.41	37387655
6.79	39300506
7.07	22286393
6.7	31343712
6.82	18996062
6.89	30314090
8.26	201931490
7.94	54866042
7.92	32214357
7.87	24215018
7.88	23686456
7.86	24491360
7.69	19849633
7.75	13497500
7.49	29777582
7.23	39454082
7.08	37868637
7.02	20401658
7.02	32006858
6.68	39536539
6.75	34932871
6.68	31624943
6.83	17672166
6.9	29680040
6.95	19334873
6.9	22823276
6.95	23445110
6.93	21803237
6.87	18049724
6.77	21007845
6.59	27978909
6.57	24628303
6.41	29199131
6.44	32387607
6.39	25535667
6.33	20894911
6.32	18210397
6.54	38380066
6.43	26092524
6.27	36103055
6.04	40522870
5.91	39460562
5.88	51190497
5.82	42284807
6.15	34781544
6.24	28481360
6.26	20867315
6.15	13574085
6.11	16015212
6.18	20469193
6.09	17388000
6.08	12881241
6.06	15153425
6.08	24225543
6.06	15213256
6.48	73877211
6.37	30396910
6.33	19879400
6.54	50525665
6.89	73671335
6.95	21414129
6.88	35408666
6.93	16546019
7.01	32321047
6.92	17224091
6.92	10828480
6.83	15943411
6.76	27084399
7.12	70912967
7.02	18616239
7.09	22741092
7.35	48063208
7.07	27835857
7.02	18860258
7.03	18143616
7.02	14877823
6.98	14672829
6.96	20090827
6.99	33113520
7.07	19890116
7.13	41692317
7.11	22766736
7.17	19552569
7.17	10013943
7.16	9322616
7.13	15414257
7.08	9459676
7.68	68170325
7.37	36638240
7.31	29388413
7.5	20515284
7.71	38608184
7.92	83486433
7.82	29617164
7.79	23799744
7.64	21391436
7.41	28458326
7.75	45762999
7.46	38507055
7.47	26783955
7.62	33603688
7.53	32233838
7.46	36272156
7.43	23321466
7.53	23358385
7.46	20086408
7.42	19657187
7.48	18017280
7.45	14441770
7.39	17547229
7.38	11827613
7.36	16392801
7.25	23349718
7.32	15445692
7.63	39982469
7.63	54040166
7.69	45116158
7.57	29957459
7.86	64936579
7.92	71746871
7.92	56392413
8.72	143839193
8.47	63401976
8.33	28275792
8.34	33254015
8.27	25670918
7.92	46265578
7.87	27747240
8.25	58296714
8.37	47602161
8.28	64680123
8.2	26308951
8.07	38534308
8.11	21876269
8.04	24136431
7.82	26968088
7.74	35991857
7.62	19448499
7.56	22923354
7.71	58247028
7.82	19446340
7.95	23660185
8.69	139594686
8.99	100698238
8.92	86413973
9.08	72784414
9.05	52544872
10.03	183926798
9.99	80701920
9.9	39324747
10.65	131397481
10.48	79453041
10.48	82088500
11.27	121197366
10.52	97839777
10.98	56098478
10.9	21138750
11.73	178222771
10.93	102145156
11	37496800
10.86	39209930
11.31	74746564
11.32	41726890
12.11	127612364
12.01	68689146
11.65	56086229
11.67	39404699
11.99	64675829
11.49	38017706
11.22	45748071
10.94	26513792
10.9	51292215
11.07	29487346
11.88	111662750
11.89	57882497
12.01	44115113
11.82	41381263
11.94	45137074
11.69	38515952
11.99	49868876
11.76	30615828
10.95	43834963
10.86	48043117
10.73	44075284
10.88	42869372
11.65	70769570
11.89	79625822
12.78	263960432
13.75	140874620
13.74	138107037
13.54	33205581
13.87	38202549
13.64	33412283
13.91	40258480
13.73	53981594
13.95	26932448
14.07	36640053
14.4	66537940
14.55	56240162
14.16	71255078
13.85	54727898
13.49	45063375
13.6	27416158
13.35	25033494
13.28	35688694
13.24	29868737
13.06	72663317
13.27	31168083
13.15	76147134
13.06	50323620
12.84	32723551
13.22	47071666
12.88	49028096
13.14	36795184
13.13	33383125
13.18	53776699
13.94	72630603
14.04	52993207
14.09	61954336
14.01	43323366
13.09	80415079
13.66	48834423
13.61	47382840
13.37	56581235
13.43	36657426
13.24	46921833
16.02	298985635
16.99	219276844
16.03	126742245
15.89	66534725
16.81	89264929
17.11	109689419
17.15	54305779
16.22	68193185
16.13	34839723
16.06	17957631
15.87	26823595
16.47	50461549
15.74	64239631
15.09	58668104
15.11	41528830
15.08	46647079
14.39	50652278
14.94	50400245
14.61	59872461
14.7	37034056
14.49	48009206
14.36	31239566
14.15	37252528
14.04	46155944
13.72	31413786
14.24	61094061
14.98	87598206
14.82	55991914
15.52	89584746
14.47	62056544
14.71	43683341
15.56	96071529
15.95	82058908
15.91	67701404
